pos	N2_EV	N2_RNAi	TFIIS_EV	TFIIS_RNAi	total	name
163	chrI,12652385,12652405	1.06292353937271	0.604893039717583	1.07435296327231	0.141942440360852	0	21UR
216	chrI,13817000,13817020	0	0	0	0.296326800914182	0	21UR
397	chrI,3697596,3697616	0	0.228887378068064	0	0.168278875334616	0	21UR
403	chrI,3745502,3745522	0	0.225939881289921	2.86538980710312	0.502170877815015	0	21UR
464	chrI,4584768,4584788	0.8608963817171	1.99672864109965	0	1.27937813398014	0	21UR
544	chrI,5486067,5486087	0.901262298075213	1.17565545431628	0	0.27723283258608	0.102779427953268	21UR
656	chrI,6562649,6562669	0	0	0	0.0388468926183482	0	21UR
759	chrI,7279603,7279623	0.268583053766496	2.23181885568715	1.24651621391793	5.10296669904366	0	21UR
812	chrI,7815028,7815048	6.82278103246565	2.26491608026523	2.05371489443051	0.868159674041981	0.571578061399773	21UR
929	chrI,9004497,9004517	0	0.185548596553252	0	0.490069621773464	0	21UR
973	chrI,9518891,9518911	1.97003064607271	0	1.88030452471385	0.0315943402831743	0	21UR
1228	chrII,1320733,1320753	0	0	0	0.271100303363184	0	21UR
1386	chrII,4113709,4113729	1.02146825693849	5.16334600434235	0	15.2661357969697	0	21UR
1452	chrII,5062095,5062115	0.0587548273323665	0.225939881289921	1.07435296327231	0.309947195981532	0	21UR
1506	chrII,5912551,5912571	0	0.831899311188857	0	0	0	21UR
1583	chrII,6893972,6893992	0.262842535229528	0	0	0	0	21UR
1592	chrII,6968318,6968338	0	0	0.674233612612891	0	0	21UR
1665	chrII,7900666,7900686	0	0	0	0.244364370526005	0	21UR
1743	chrII,9108579,9108599	0.259068067554858	1.88538450789499	0	1.36792608322735	0	21UR
1783	chrII,9716752,9716772	0.405759386652139	0	0	0	0	21UR
1851	chrIII,10807482,10807502	4.71011181520565	1.0983273029665	7.84372208650394	0.0315943402831743	0	21UR
2031	chrIII,2461672,2461692	0	0	1.24651621391793	0.211236081092168	0	21UR
2260	chrIII,5507998,5508018	0.0587548273323665	0	0	0.245705251247459	0	21UR
2318	chrIII,6149534,6149554	1.16760164298539	0	2.16943418851253	0	0	21UR
2425	chrIII,7190025,7190045	0	3.29115888840744	0.109617817882117	0.49357398790235	0	21UR
2426	chrIII,7190029,7190049	0.0587548273323665	0	0	0.379514956426784	0	21UR
2501	chrIII,7933365,7933385	0	1.04084148645573	0	0.845390019356414	0	21UR
2690	chrIV,10085463,10085483	0.217553865407833	0.225939881289921	0	0	0.662498356116253	21UR
2772	chrIV,11173470,11173490	0	0	0	0.0388468926183482	0	piRNA_type1
2779	chrIV,11245757,11245777	0	0	0	0.088107294347716	0	21UR
2780	chrIV,11245849,11245869	0	0	0	0.69016602272345	0	21UR
2782	chrIV,11276754,11276774	0	0.342100999243443	0	0	0	21UR
2833	chrIV,11774085,11774105	0	0.560616474739785	0	0.565227947895085	0	piRNA_type1
2869	chrIV,12123161,12123181	0.647650646269505	0.955642334296571	0.503664295315236	0.61385397536261	0	piRNA_type1
2878	chrIV,12268648,12268668	0.16580116207685	0.100637770012422	0.503664295315236	0.14399537281445	0	21UR
2925	chrIV,12893483,12893503	0.34977245535581	0.63074092640617	0	0	0	piRNA_type1
2966	chrIV,13600849,13600869	1.91365428431199	28.7109335202049	0	54.0023690728929	3.26317061507096	21UR
2967	chrIV,13600852,13600872	1.0881501650131	5.99602847451128	0.0542852270387814	18.1545748551127	0.102779427953268	21UR
2968	chrIV,13601639,13601659	1.64139840876671	16.8872300904882	0	29.1957801145309	0	21UR
2973	chrIV,13649216,13649236	1.33369777394521	21.3382968508334	7.84372208650394	16.6222667172429	0	21UR
2974	chrIV,13649449,13649469	0	0	0	0.444896352078708	0	21UR
2978	chrIV,13682260,13682280	0.0587548273323665	0	0	0.194323719928095	0	21UR
2979	chrIV,13685033,13685053	0	0	0	0.0603430180117605	0	21UR
2980	chrIV,13689238,13689258	0	0	0	0.0603430180117605	0	21UR
2981	chrIV,13692200,13692220	0	0	0	0.168278875334616	0	21UR
2982	chrIV,13693910,13693930	0	0	0	0.420416967359265	0	21UR
2983	chrIV,13694376,13694396	0	0	0	0.074791528833565	0	21UR
2984	chrIV,13698875,13698895	0	0	0	0.73246708227046	0	21UR
2985	chrIV,13700230,13700250	0	0	0	0.70886133359232	0	21UR
2986	chrIV,13702436,13702456	0.0587548273323665	0	0	0.661479240232525	0	21UR
2987	chrIV,13711251,13711271	0	0	0	0.168278875334616	0	21UR
2988	chrIV,13711413,13711433	0	0.304066928546372	0	0	0	21UR
2989	chrIV,13716376,13716396	0	0	0	0.271100303363184	0	21UR
2990	chrIV,13723396,13723416	0	0	0	0.87302924445876	0	21UR
2991	chrIV,13726636,13726656	0	0	0	0.406690687075241	0	21UR
2992	chrIV,13727775,13727795	0	0	0	0.757849348177061	0	21UR
2993	chrIV,13728256,13728276	0.217553865407833	0.0214706972465119	0	1.21795987183283	0	21UR
2994	chrIV,13728843,13728863	0	0	0	0.406690687075241	0	21UR
2995	chrIV,13732433,13732453	0	0	0	0.141942440360852	0	21UR
2996	chrIV,13733181,13733201	0	0	0	0.966824503994925	0	21UR
2997	chrIV,13744124,13744144	0	1.58127000400655	0	1.73969818126527	0	21UR
2998	chrIV,13749866,13749886	0	0	0.109617817882117	0	0	21UR
2999	chrIV,13751185,13751205	0.0587548273323665	0	0	0.685199459789585	0	21UR
3000	chrIV,13751497,13751517	0	0	0	0.115251016167185	0	21UR
3001	chrIV,13760220,13760240	0	0	0	0.168278875334616	0	21UR
3002	chrIV,13764125,13764145	0.0587548273323665	0	0	0.168278875334616	0	21UR
3003	chrIV,13768244,13768264	0	0	0	0.54191152709607	0	21UR
3009	chrIV,13797404,13797424	0	0	0	0.088107294347716	0	21UR
3010	chrIV,13797643,13797663	0	0	0	0.321401083684705	0	21UR
3011	chrIV,13799741,13799761	0	0	0	0.211236081092168	0	piRNA_type1
3012	chrIV,13825897,13825917	0	0	0	0.27723283258608	0	21UR
3013	chrIV,13826854,13826874	0.0587548273323665	0	0	0.141942440360852	0	21UR
3014	chrIV,13844733,13844753	0.113059010244766	0	0	1.16673149482565	0	21UR
3015	chrIV,13869998,13870018	0	0	0	0.565963818983575	0	21UR
3017	chrIV,13889556,13889576	0	0	0	0.245705251247459	0	21UR
3018	chrIV,13891286,13891306	0.0587548273323665	0	0	0.220121518035111	0	21UR
3019	chrIV,13893696,13893716	0	0	0	0.0388468926183482	0	21UR
3020	chrIV,13901895,13901915	0	0	0	0.444896352078708	0	21UR
3021	chrIV,13902437,13902457	0	0.0214706972465119	0	0.395835591476711	0	21UR
3022	chrIV,13904344,13904364	0	0	0	0.69016602272345	0	21UR
3023	chrIV,13907293,13907313	0.418628150480208	0	0	0	0	21UR
3024	chrIV,13908213,13908233	0	0	0	0.074791528833565	0	21UR
3025	chrIV,13909316,13909336	0.113059010244766	0.294383342402343	0	0.312274248149066	0	21UR
3026	chrIV,13913911,13913931	0	0	0	0.54191152709607	0	21UR
3027	chrIV,13917665,13917685	0	0	0	0.074791528833565	0	21UR
3028	chrIV,13929034,13929054	0.369034378514288	0.416571510612551	0	0	0	21UR
3030	chrIV,13941867,13941887	0	0	0	0.420416967359265	0	21UR
3031	chrIV,13946713,13946733	0	0	0	0.088107294347716	0	21UR
3032	chrIV,13948777,13948797	0.0587548273323665	0	0	0.168278875334616	0	21UR
3033	chrIV,13951563,13951583	0	0.416571510612551	0	0	0	21UR
3034	chrIV,13959485,13959505	0	0.460952345558534	0	0	0	21UR
3035	chrIV,13961951,13961971	0	0	0	0.309875804222363	0	21UR
3036	chrIV,13981456,13981476	0	0.0545838715097285	0	0	0	21UR
3037	chrIV,13992256,13992276	0	0	0	0.088107294347716	0	21UR
3038	chrIV,13992564,13992584	0	0.143940694159049	0	0	0	21UR
3039	chrIV,13994463,13994483	0.0587548273323665	0.0214706972465119	0	0.73246708227046	0	21UR
3040	chrIV,13996609,13996629	0	0	0	0.141942440360852	0	21UR
3041	chrIV,14005791,14005811	0.113059010244766	0	0	0.420416967359265	0	21UR
3042	chrIV,14022254,14022274	0	0	0	0.589943513895635	0	21UR
3043	chrIV,14035201,14035221	0	0	0	0.444896352078708	0	21UR
3044	chrIV,14041478,14041498	0.11022031570617	0	0	0.0603430180117605	0	21UR
3045	chrIV,14051495,14051515	0	0	0	0.141942440360852	0	21UR
3046	chrIV,14054169,14054189	0.0587548273323665	0.0214706972465119	0	0.61385397536261	0	21UR
3047	chrIV,14054964,14054984	0.0587548273323665	0	0	0.49357398790235	0	21UR
3052	chrIV,14088762,14088782	0	0.342100999243443	0	0	0	21UR
3053	chrIV,14090917,14090937	0	0	0	1.20884698277443	0	21UR
3054	chrIV,14092272,14092292	0	0	0	0.47047224712793	0	21UR
3058	chrIV,14122159,14122179	0	0	0	0.220121518035111	0	21UR
3059	chrIV,14125173,14125193	0	0.41936345582974	0	0	0	21UR
3060	chrIV,14141588,14141608	0	0	0	0.220121518035111	0	21UR
3061	chrIV,14159715,14159735	0	0	0	0.81379567907324	0	21UR
3062	chrIV,14163797,14163817	0	0	0	0.194323719928095	0	21UR
3063	chrIV,14168980,14169000	0	0	0	0.61385397536261	0	21UR
3064	chrIV,14172264,14172284	0	0	0	0.088107294347716	0	21UR
3065	chrIV,14176034,14176054	0	0.143940694159049	0	0	0	21UR
3066	chrIV,14179788,14179808	0	0	0	0.5966007467834	0	21UR
3067	chrIV,14180736,14180756	0	0.66541041968392	0	0	0	21UR
3068	chrIV,14181356,14181376	0.369034378514288	0	0	0	0	21UR
3069	chrIV,14183190,14183210	0	0.342100999243443	0	0	0	21UR
3071	chrIV,14197667,14197687	0	0	0	0.321401083684705	0	21UR
3072	chrIV,14202380,14202400	0	0	0	0.0603430180117605	0	21UR
3076	chrIV,14222540,14222560	0	0	0	0.81379567907324	0	21UR
3077	chrIV,14227013,14227033	0	0	0	0.0603430180117605	0	21UR
3079	chrIV,14239314,14239334	0	0.52512034247259	0	0	0	piRNA_type1
3080	chrIV,14241878,14241898	0.0587548273323665	0	0	0.70886133359232	0	21UR
3081	chrIV,14243538,14243558	0	0	0	0.420416967359265	0	21UR
3082	chrIV,14243787,14243807	0	0.225939881289921	0	0	0	21UR
3083	chrIV,14249290,14249310	0.0587548273323665	0	0	0.115251016167185	0	21UR
3084	chrIV,14257654,14257674	0	0	0	0.211236081092168	0	21UR
3085	chrIV,14260428,14260448	0	0.185548596553252	0	0	0	21UR
3086	chrIV,14265984,14266004	0.0587548273323665	0	0	0.444896352078708	0	21UR
3087	chrIV,14266260,14266280	0	0	0	0.220121518035111	0	21UR
3088	chrIV,14269698,14269718	0	0.100637770012422	0	0	0	21UR
3089	chrIV,14270117,14270137	0	0.143940694159049	0	0	0	21UR
3090	chrIV,14272391,14272411	0.0415142021470256	0	0	0.395835591476711	0	21UR
3091	chrIV,14292641,14292661	0	0	0	0.0315943402831743	0	21UR
3092	chrIV,14308940,14308960	0	1.20596026223164	0	0	0	21UR
3093	chrIV,14327396,14327416	0.0587548273323665	0	0	0.988929826222025	0	21UR
3094	chrIV,14339490,14339510	0	0	0	0.309875804222363	0	21UR
3095	chrIV,14343120,14343140	0	0	0	0.194323719928095	0	21UR
3096	chrIV,14344298,14344318	0	0	0	0.321401083684705	0	21UR
3097	chrIV,14350841,14350861	0	0.93753793424279	0	0	0	21UR
3098	chrIV,14372157,14372177	0	0	0	0.438648903877	0	21UR
3099	chrIV,14383693,14383713	0.66211977888558	0	0	0	0	21UR
3100	chrIV,14391609,14391629	0	0	0	1.73134130081858	0	21UR
3101	chrIV,14394887,14394907	0	0.265387376775298	0	0.296326800914182	0	21UR
3102	chrIV,14395962,14395982	0	0	0	0.220121518035111	0	21UR
3103	chrIV,14405772,14405792	0	0	0	0.342319751406401	0	21UR
3104	chrIV,14405965,14405985	0.613918640163525	0	0	0	0	21UR
3105	chrIV,14408847,14408867	0	0	0	0.0315943402831743	0	21UR
3106	chrIV,14410919,14410939	0	0	0	0.115251016167185	0	21UR
3107	chrIV,14411947,14411967	0	0.416571510612551	0	0	0	21UR
3108	chrIV,14437050,14437070	0	0	0	0.296326800914182	0	21UR
3110	chrIV,14444226,14444246	2.04890768076194	20.1816164963833	2.28523791008383	37.6490534049545	0	21UR
3111	chrIV,14445766,14445786	0	0	0	0.659064749635035	0	21UR
3112	chrIV,14456149,14456169	0	0	0	0.194323719928095	0	21UR
3113	chrIV,14460683,14460703	0	0	0	0.141942440360852	0	21UR
3114	chrIV,14461929,14461949	0	0	0	0.502170877815015	0	21UR
3116	chrIV,14475620,14475640	0	0	0	0.0315943402831743	0	21UR
3117	chrIV,14482923,14482943	0	0	0	0.194323719928095	0	21UR
3118	chrIV,14492790,14492810	0	0.265387376775298	0	0	0	21UR
3119	chrIV,14493147,14493167	0.0587548273323665	0	0	0.141942440360852	0	21UR
3120	chrIV,14494642,14494662	0	0.379579587558133	0	0	0	21UR
3121	chrIV,14502251,14502271	0	0	0	0.395835591476711	0	21UR
3122	chrIV,14503477,14503497	0	0	0	0.115251016167185	0	21UR
3123	chrIV,14504580,14504600	0	0	0	1.86673850244042	0	21UR
3124	chrIV,14509223,14509243	0.0587548273323665	0	0	0.420416967359265	0	21UR
3125	chrIV,14512623,14512643	0	0	0	0.53375356417	0	21UR
3127	chrIV,14544439,14544459	0	0	0	0.73246708227046	0	21UR
3128	chrIV,14552939,14552959	0	0.185548596553252	0	0	0	21UR
3129	chrIV,14554443,14554463	0	0.54404288140807	0	0	0	21UR
3130	chrIV,14561431,14561451	0.0587548273323665	0	0	0.420416967359265	0	21UR
3131	chrIV,14572089,14572109	0	0.265387376775298	0	0	0	21UR
3132	chrIV,14575782,14575802	0	0	0	0.438648903877	0	21UR
3133	chrIV,14581031,14581051	0	0.0214706972465119	0	0	0	piRNA_type1
3134	chrIV,14587486,14587506	0	0	0	0.5966007467834	0	21UR
3135	chrIV,14597770,14597790	0	0	0	0.54191152709607	0	21UR
3136	chrIV,14600047,14600067	0	0	0	0.0603430180117605	0	21UR
3138	chrIV,14628161,14628181	0	0.100637770012422	0	0	0	21UR
3140	chrIV,14637371,14637391	0.0587548273323665	0	0	0.565963818983575	0	21UR
3141	chrIV,14638070,14638090	0	0	0	0.109716507835651	0	21UR
3142	chrIV,14640090,14640110	0	0	0	0.321401083684705	0	21UR
3143	chrIV,14650021,14650041	0	0	0	0.0315943402831743	0	21UR
3144	chrIV,14654682,14654702	0	1.18533080860332	0	0.515464673889188	0	21UR
3147	chrIV,14659743,14659763	0	0	0	0.63769827744509	0	21UR
3148	chrIV,14663947,14663967	0	0	0	0.141942440360852	0	21UR
3149	chrIV,14671877,14671897	0	0.265387376775298	0	0.0603430180117605	0	21UR
3150	chrIV,14672729,14672749	0	0	0	0.321401083684705	0	21UR
3151	chrIV,14677427,14677447	0	0	0	0.211236081092168	0	21UR
3152	chrIV,14683633,14683653	0	0.85483010596028	0	0	0	21UR
3153	chrIV,14686579,14686599	0	0	0	0.627877911632925	0	21UR
3154	chrIV,14687854,14687874	0	0.100637770012422	0	0	0	21UR
3155	chrIV,14720449,14720469	0	0	0	0.245705251247459	0	21UR
3156	chrIV,14735358,14735378	0	0	0	0.194323719928095	0	21UR
3157	chrIV,14739292,14739312	0	0	0	0.220121518035111	0	21UR
3158	chrIV,14745925,14745945	0	0	0	0.565227947895085	0	21UR
3159	chrIV,14750887,14750907	0	0	0	0.296326800914182	0	21UR
3160	chrIV,14753414,14753434	0.113059010244766	0	0	0.245705251247459	0	21UR
3162	chrIV,14756935,14756955	0.0415142021470256	0	0	0.321401083684705	0	21UR
3163	chrIV,14762570,14762590	0	0	0	0.271100303363184	0	21UR
3170	chrIV,14803676,14803696	0	0.52512034247259	0	0	0	21UR
3171	chrIV,14806408,14806428	0	0	0	0.420416967359265	0	21UR
3172	chrIV,14811354,14811374	0.34977245535581	0	0	0	0	21UR
3173	chrIV,14820343,14820363	0	0	0	1.14862937413176	0	21UR
3174	chrIV,14821276,14821296	0	0	0	0.211236081092168	0	21UR
3175	chrIV,14831305,14831325	0.0587548273323665	0	0	0.49357398790235	0	21UR
3176	chrIV,14836563,14836583	0	0	0	0.321401083684705	0	21UR
3178	chrIV,14858304,14858324	0	0	0	0.420416967359265	0	piRNA_type1
3179	chrIV,14864746,14864766	0.319042981367326	1.67795554598198	0.0542852270387814	3.7683869031019	0	21UR
3180	chrIV,14866430,14866450	0	0.185548596553252	0	0	0	21UR
3181	chrIV,14867439,14867459	0.0587548273323665	0	0	0.61385397536261	0	21UR
3182	chrIV,14868267,14868287	0	0	0	0.168278875334616	0	21UR
3183	chrIV,14874447,14874467	0	0	0	0.321401083684705	0	piRNA_type1
3184	chrIV,14879310,14879330	0.0587548273323665	0	0	0.61385397536261	0	21UR
3185	chrIV,14893650,14893670	0	0	0	0.73246708227046	0	21UR
3188	chrIV,14901346,14901366	0	0	0	0.244364370526005	0	21UR
3189	chrIV,14907156,14907176	0	0.489301932043282	0	0	0	21UR
3190	chrIV,14914292,14914312	0	0.489301932043282	0	0	0	21UR
3191	chrIV,14917500,14917520	0.0587548273323665	0	0	0.89629280529602	0	21UR
3192	chrIV,14925219,14925239	0	0	0	0.406690687075241	0	21UR
3193	chrIV,14931261,14931281	0	0	0	0.0603430180117605	0	21UR
3194	chrIV,14942919,14942939	0	0	0	0.438648903877	0	21UR
3195	chrIV,14943409,14943429	0	0.35691721984969	0	0	0	21UR
3196	chrIV,14945176,14945196	0	0.342100999243443	0	0	0	21UR
3197	chrIV,14946653,14946673	0.0587548273323665	0	0	0.245705251247459	0	21UR
3198	chrIV,14950414,14950434	0.0587548273323665	0.0214706972465119	0	0.088107294347716	0	21UR
3200	chrIV,14961202,14961222	0	0	0	0.0315943402831743	0	21UR
3202	chrIV,14964712,14964732	0.16580116207685	0.0214706972465119	0	2.11205968933063	0.102779427953268	21UR
3203	chrIV,14985141,14985161	0	0	0	0.220121518035111	0	21UR
3204	chrIV,14986561,14986581	0.113059010244766	0	0	0.220121518035111	0	21UR
3205	chrIV,14990748,14990768	0	0.225939881289921	0	0	0	21UR
3206	chrIV,14991035,14991055	0	0	0	0.685199459789585	0	21UR
3207	chrIV,14993066,14993086	0	0.398556868961892	0	0	0	21UR
3208	chrIV,14994292,14994312	0.0587548273323665	0	0	0.54191152709607	0	21UR
3209	chrIV,14995498,14995518	0	0	0	0.088107294347716	0	21UR
3210	chrIV,15005515,15005535	0	0	0	0.4692801390604	0	21UR
3223	chrIV,15051363,15051383	0	0	0	0.451818244583216	0	21UR
3224	chrIV,15054384,15054404	0	0	0	0.220121518035111	0	21UR
3226	chrIV,15056573,15056593	0	0.342100999243443	0	0.115251016167185	0	21UR
3227	chrIV,15061274,15061294	0.11022031570617	0.100637770012422	0	0	0	21UR
3228	chrIV,15063780,15063800	0.34977245535581	0	0	0	0	21UR
3230	chrIV,15107521,15107541	0	0.18990862805453	0	0	0	21UR
3231	chrIV,15115332,15115352	0	0.265387376775298	0	0	0	21UR
3232	chrIV,15123054,15123074	0	0.252636271928537	0	0	0	21UR
3233	chrIV,15126994,15127014	0	0	0	0.438648903877	0	21UR
3234	chrIV,15137755,15137775	0	0.210833899616757	0	0.0603430180117605	0	21UR
3235	chrIV,15143620,15143640	0	0	0	0.168278875334616	0	21UR
3236	chrIV,15145547,15145567	0.0587548273323665	0	0	0.296326800914182	0	21UR
3237	chrIV,15147357,15147377	0	0	0	0.309875804222363	0	21UR
3238	chrIV,15171590,15171610	0	0	0	0.244364370526005	0	21UR
3239	chrIV,15181656,15181676	0.0587548273323665	0	0	0.661479240232525	0	21UR
3240	chrIV,15191648,15191668	0	0	0	0.109716507835651	0	21UR
3241	chrIV,15204773,15204793	0	0.168964929217338	0	0	0	21UR
3242	chrIV,15205079,15205099	0	0	0	0.371144946425045	0	21UR
3243	chrIV,15206872,15206892	0	0	0	0.47047224712793	0	21UR
3244	chrIV,15209629,15209649	0	0.185548596553252	0	0	0	21UR
3245	chrIV,15219985,15220005	0	0	0	0.444896352078708	0	21UR
3246	chrIV,15232522,15232542	0	0	0	0.220121518035111	0	21UR
3247	chrIV,15234447,15234467	1.70837728873196	29.1323491136997	0.221350570914123	45.5208846657595	0.480010124340567	21UR
3248	chrIV,15239983,15240003	0	0.304066928546372	0	0	0	21UR
3249	chrIV,15241151,15241171	0	0.481735402450476	0	0	0	21UR
3250	chrIV,15251949,15251969	0	0.453131019671756	0	0	0	21UR
3251	chrIV,15253867,15253887	0	0	0	0.53375356417	0	21UR
3252	chrIV,15255359,15255379	0	0	0	0.51778294283772	0	21UR
3253	chrIV,15256886,15256906	0	0.85483010596028	0	0.504199524150458	0.102779427953268	21UR
3254	chrIV,15259515,15259535	0.0587548273323665	0	0	0	0	21UR
3255	chrIV,15259516,15259536	0	0	0	0.168278875334616	0	21UR
3256	chrIV,15260335,15260355	0	0	0	0.89629280529602	0	21UR
3257	chrIV,15261356,15261376	0	0.0545838715097285	0	0	0	21UR
3258	chrIV,15270716,15270736	0	0	0	1.01199047740258	0	21UR
3259	chrIV,15271869,15271889	0.0587548273323665	0.0214706972465119	0	0.51778294283772	0	21UR
3260	chrIV,15286231,15286251	0	0.143940694159049	0	0	0	21UR
3261	chrIV,15296592,15296612	0	0	0	0.70886133359232	0	21UR
3262	chrIV,15301690,15301710	0	0	0	0.53375356417	0	21UR
3263	chrIV,15309395,15309415	0	0	0	0.271100303363184	0	21UR
3264	chrIV,15310568,15310588	0	0	0	0.074791528833565	0	21UR
3265	chrIV,15314039,15314059	0	0	0	0.752128657037425	0	21UR
3266	chrIV,15314092,15314112	0	0	0	0.0603430180117605	0	21UR
3268	chrIV,15334521,15334541	0.0587548273323665	0	0	0.70886133359232	0	21UR
3269	chrIV,15348392,15348412	0.75791870133031	0	0	0	0	21UR
3270	chrIV,15363544,15363564	0	0	0	1.20884698277443	0	21UR
3271	chrIV,15393470,15393490	1.58581274943555	0	0	0	0	21UR
3272	chrIV,15401798,15401818	0	0.0545838715097285	0	0	0	21UR
3273	chrIV,15404719,15404739	0	0	0	0.0603430180117605	0	piRNA_type1
3274	chrIV,15406156,15406176	0	0	0	0.220121518035111	0	21UR
3275	chrIV,15406319,15406339	0	1.29215373835507	0	0	0	21UR
3276	chrIV,15412161,15412181	0	0.342100999243443	0	0	0	21UR
3277	chrIV,15426410,15426430	0	0	0	0.211236081092168	0	21UR
3278	chrIV,15432753,15432773	0	0	0	0.49357398790235	0	21UR
3279	chrIV,15435945,15435965	0	0	0	0.565227947895085	0	21UR
3280	chrIV,15440542,15440562	0.0587548273323665	0	0	0	0	21UR
3282	chrIV,15495743,15495763	0	0	0	0.346336674809485	0	21UR
3283	chrIV,15500322,15500342	0	0	0	0.826368027857415	0	21UR
3284	chrIV,15506818,15506838	0	0.342100999243443	0	0	0	21UR
3287	chrIV,15535614,15535634	0	0	0	1.14606149861913	0	21UR
3288	chrIV,15538547,15538567	0.0587548273323665	0	0	0.141942440360852	0	21UR
3290	chrIV,15546991,15547011	1.13479816843071	0	0	0.0315943402831743	0	21UR
3291	chrIV,15549690,15549710	0	0	0.560444268448082	0	0	21UR
3292	chrIV,15551450,15551470	0.16580116207685	0	0	0.271100303363184	0	21UR
3293	chrIV,15565137,15565157	0	0	0	0.4692801390604	0	21UR
3294	chrIV,15596743,15596763	0.0587548273323665	0	0	0.661479240232525	0	21UR
3296	chrIV,15619034,15619054	0	0	0	0.115251016167185	0	21UR
3297	chrIV,15624846,15624866	0	0.379579587558133	0	0	0	21UR
3298	chrIV,15631784,15631804	0	0	0	0.14399537281445	0	21UR
3300	chrIV,15648576,15648596	0	0	0	0.321401083684705	0	21UR
3301	chrIV,15655850,15655870	0	0	0	0.074791528833565	0	21UR
3303	chrIV,15673823,15673843	0	0	0	0.194323719928095	0	21UR
3304	chrIV,15677266,15677286	0	0	0	0.109716507835651	0	21UR
3305	chrIV,15679546,15679566	0	0	0	0.14399537281445	0	21UR
3306	chrIV,15689187,15689207	0	0.0545838715097285	0	0.27723283258608	0	piRNA_type1
3307	chrIV,15689190,15689210	0.0587548273323665	0	0	0	0	21UR
3308	chrIV,15695227,15695247	0	0	0	0.395835591476711	0	21UR
3310	chrIV,15697322,15697342	0	0	0	0.374585686139632	0	21UR
3312	chrIV,15710777,15710797	0	0.0545838715097285	0	0	0	21UR
3313	chrIV,15715031,15715051	0.0587548273323665	0	0	0.321401083684705	0	21UR
3315	chrIV,15719723,15719743	0	0	0	0.321401083684705	0	21UR
3316	chrIV,15725560,15725580	0	0.225939881289921	0	0	0	21UR
3317	chrIV,15727142,15727162	0.0587548273323665	0	0	0.168278875334616	0	21UR
3318	chrIV,15750876,15750896	0	0	0.165352746038629	0	0	21UR
3319	chrIV,15769981,15770001	0	0.52328038225977	0	0.0388468926183482	0	21UR
3320	chrIV,15793319,15793339	0	0	0	0.245705251247459	0	21UR
3321	chrIV,15794083,15794103	0	0	0	0.194323719928095	0	21UR
3322	chrIV,15811865,15811885	0	0	0	0.168278875334616	0	21UR
3323	chrIV,15813760,15813780	0	0	0	0.309875804222363	0	21UR
3324	chrIV,15818709,15818729	0	0	0	0.321401083684705	0	21UR
3326	chrIV,15851573,15851593	0	0	0	0.53375356417	0	21UR
3330	chrIV,15864244,15864264	0.613918640163525	0	0	0	0	21UR
3331	chrIV,15881813,15881833	0.16580116207685	0	0	0.420416967359265	0	21UR
3332	chrIV,15886683,15886703	0	0	0	0.194323719928095	0	21UR
3333	chrIV,15889050,15889070	0.80554545903357	0	0	0.0315943402831743	0	21UR
3334	chrIV,15896846,15896866	0	0.342100999243443	0	0	0	21UR
3335	chrIV,15906570,15906590	0.0587548273323665	0	0	0.220121518035111	0	21UR
3336	chrIV,15918894,15918914	0	0.489301932043282	0	0	0	21UR
3337	chrIV,15929386,15929406	0	0.315238734109252	0	0	0	21UR
3340	chrIV,15941520,15941540	0	0	0	0.220121518035111	0	21UR
3344	chrIV,15963093,15963113	3.88732093618111	13.825680612145	5.90340388040308	9.03425238328925	0	21UR
3346	chrIV,15970676,15970696	0	0	0	0.685199459789585	0	21UR
3347	chrIV,15977725,15977745	0	0.379579587558133	0	0	0	21UR
3348	chrIV,15985559,15985579	0	0	0	0.63769827744509	0	21UR
3349	chrIV,15989750,15989770	0	0	0	0.211236081092168	0	21UR
3350	chrIV,16006060,16006080	0	0	0	0.141942440360852	0	21UR
3351	chrIV,16009478,16009498	0	0.304066928546372	0	0	0	21UR
3355	chrIV,16025786,16025806	0	0	0	0.141942440360852	0	21UR
3356	chrIV,16027254,16027274	0.113059010244766	0	0	0.84972144840604	0	21UR
3357	chrIV,16027655,16027675	0	0	0	1.02763033009708	0	21UR
3358	chrIV,16029200,16029220	0.0587548273323665	0	0	0.685199459789585	0	21UR
3359	chrIV,16031690,16031710	0	0	0	0.61385397536261	0	21UR
3360	chrIV,16032495,16032515	0	0	0	0.346336674809485	0	21UR
3361	chrIV,16037209,16037229	0.0587548273323665	0	0	0.801179594987803	0	21UR
3362	chrIV,16039593,16039613	0	0.489301932043282	0	0	0	21UR
3363	chrIV,16044154,16044174	0	0.185548596553252	0	0	0	21UR
3364	chrIV,16047459,16047479	0	0	0	0.168278875334616	0	21UR
3365	chrIV,16071208,16071228	0	0	0	0.0388468926183482	0	21UR
3366	chrIV,16071973,16071993	0	0.265387376775298	0	0	0	21UR
3367	chrIV,16088336,16088356	0	0	0	0.168278875334616	0	21UR
3368	chrIV,16103834,16103854	0	0.304066928546372	0	0	0	21UR
3369	chrIV,16125544,16125564	0	0	0	0.5966007467834	0	21UR
3371	chrIV,16129948,16129968	0	0	0	0.0315943402831743	0	21UR
3372	chrIV,16144085,16144105	0.154573212391792	0	0	0.395835591476711	0	21UR
3373	chrIV,16146294,16146314	0	0	0	0.346336674809485	0	21UR
3374	chrIV,16156753,16156773	0	0.225939881289921	0	0	0	21UR
3376	chrIV,16173162,16173182	0.217553865407833	0	0	0	0	21UR
3377	chrIV,16182183,16182203	0	0	0	0.232102667162166	0	21UR
3378	chrIV,16189668,16189688	0.113059010244766	0	0	0.168278875334616	0	21UR
3379	chrIV,16199361,16199381	0	0.100637770012422	0	0	0	21UR
3380	chrIV,16200678,16200698	0.100269029479392	0	0	0.296326800914182	0	21UR
3381	chrIV,16203925,16203945	0	0	0	0.0315943402831743	0	21UR
3382	chrIV,16205724,16205744	0	0.0545838715097285	0	0	0	21UR
3383	chrIV,16216025,16216045	0	0	0	0.088107294347716	0	21UR
3384	chrIV,16225244,16225264	0	0	0	0.420416967359265	0	21UR
3385	chrIV,16239027,16239047	0	0	0.277544699785993	0	0	21UR
3386	chrIV,16249401,16249421	0	0.0427067270146706	0	0	0	21UR
3387	chrIV,16254061,16254081	0	0	0	0.321401083684705	0	21UR
3388	chrIV,16357771,16357791	0	0.225939881289921	0	0	0	21UR
3389	chrIV,16366119,16366139	0	0	0	0.109716507835651	0	21UR
3390	chrIV,16370121,16370141	0.113059010244766	0	0	0.51778294283772	0	21UR
3391	chrIV,16377039,16377059	0.0587548273323665	0	0	0.395835591476711	0	21UR
3392	chrIV,16382663,16382683	0	0	0	0.321401083684705	0	21UR
3393	chrIV,16385064,16385084	0	0.440161816341934	0	0	0	21UR
3396	chrIV,16437369,16437389	0	0	0	0.0603430180117605	0	21UR
3397	chrIV,16452504,16452524	0	0	0	0.220121518035111	0	21UR
3398	chrIV,16474443,16474463	0	0	0	0.211236081092168	0	21UR
3399	chrIV,16477620,16477640	0	0	0	0.395835591476711	0	21UR
3400	chrIV,16523889,16523909	0	0	0	0.220121518035111	0	21UR
3401	chrIV,16524912,16524932	0	0	0	0.194323719928095	0	21UR
3402	chrIV,16527196,16527216	0	0	0	0.420416967359265	0	21UR
3403	chrIV,16536115,16536135	0	0	0	0.245705251247459	0	21UR
3404	chrIV,16540388,16540408	0	0	0	0.141942440360852	0	21UR
3405	chrIV,16542347,16542367	0	0	0	0.0603430180117605	0	21UR
3406	chrIV,16561500,16561520	0	0.595815988341685	0	0	0	21UR
3407	chrIV,16577734,16577754	0	0	0	0.141942440360852	0	21UR
3408	chrIV,16578189,16578209	0	0	0	0.406690687075241	0	21UR
3409	chrIV,16578985,16579005	0	0	0	0.088107294347716	0	21UR
3416	chrIV,16619748,16619768	0	0	0	0.0603430180117605	0	21UR
3417	chrIV,16622090,16622110	0	0	0	0.0388468926183482	0	21UR
3418	chrIV,16622214,16622234	0	0	0	0.49357398790235	0	21UR
3419	chrIV,16630379,16630399	0.0587548273323665	0	0	0.168278875334616	0	21UR
3421	chrIV,16658095,16658115	0.189928127404187	0	0	0.220121518035111	0	21UR
3422	chrIV,16660371,16660391	0	0	0	0.141942440360852	0	21UR
3423	chrIV,16662197,16662217	0	0.225939881289921	0	0	0	21UR
3424	chrIV,16662293,16662313	0	0	0	0.0388468926183482	0	piRNA_type1
3425	chrIV,16669630,16669650	0	0	0	0.627877911632925	0	21UR
3426	chrIV,16678405,16678425	0	0.560616474739785	0	0	0	21UR
3427	chrIV,16683784,16683804	0.0587548273323665	0	0	0	0	21UR
3428	chrIV,16684067,16684087	0	0	0	0.420416967359265	0	21UR
3429	chrIV,16697810,16697830	0	1.164698493394	0	0.0315943402831743	0	21UR
3431	chrIV,16708343,16708363	0	0	0	0.194323719928095	0	21UR
3434	chrIV,16720409,16720429	0	0	0	0.81379567907324	0	21UR
3435	chrIV,16734675,16734695	0	0	0	0.342319751406401	0	21UR
3436	chrIV,16748337,16748357	0	0.502511314624815	0	0.371144946425045	0	21UR
3437	chrIV,16771762,16771782	0	0.792757645788265	0	0	0	piRNA_type1
3438	chrIV,16773412,16773432	0	0	0	0.309875804222363	0	21UR
3439	chrIV,16793212,16793232	0	0	0	0.296326800914182	0	21UR
3440	chrIV,16800164,16800184	0	0	0	0.309875804222363	0	21UR
3441	chrIV,16804564,16804584	0	0	0	0.0388468926183482	0	21UR
3442	chrIV,16825885,16825905	0	0	0	0.141942440360852	0	21UR
3443	chrIV,16829502,16829522	0.377895783076456	0	0	0.342319751406401	0	21UR
3447	chrIV,16872019,16872039	0	0	0	0.659064749635035	0	21UR
3448	chrIV,16878859,16878879	0	0	0	0.502170877815015	0	21UR
3449	chrIV,16890113,16890133	0	0	0	0.371144946425045	0	21UR
3450	chrIV,16890228,16890248	0	0	0	0.0603430180117605	0	21UR
3453	chrIV,16899929,16899949	0	0	0	0.0315943402831743	0	21UR
3454	chrIV,16907962,16907982	0	0	0	0.5966007467834	0	piRNA_type1
3455	chrIV,16973361,16973381	0	0	0	0.420416967359265	0	21UR
3456	chrIV,16974855,16974875	0.0587548273323665	0.143940694159049	0	0.444896352078708	0	21UR
3457	chrIV,16978253,16978273	0.0587548273323665	0	0	0.296326800914182	0	piRNA_type1
3458	chrIV,16982043,16982063	0.0587548273323665	0	0	0.141942440360852	0	21UR
3459	chrIV,16982378,16982398	0	0	0	0.220121518035111	0	21UR
3460	chrIV,16982720,16982740	0	0	0	0.296326800914182	0	21UR
3461	chrIV,16994721,16994741	0	0.0545838715097285	0	0.177801668603627	0	piRNA_type1
3462	chrIV,17017910,17017930	0	0	0	0.194323719928095	0	21UR
3463	chrIV,17024000,17024020	0	0	0	0.371144946425045	0	21UR
3464	chrIV,17046023,17046043	0	0	0	0.395835591476711	0	21UR
3465	chrIV,17046876,17046896	0.0587548273323665	0.0214706972465119	0	0.988929826222025	0	21UR
3466	chrIV,17050554,17050574	0.0587548273323665	0	0	0.321401083684705	0	21UR
3467	chrIV,17056666,17056686	0	0	0	0.438648903877	0	21UR
3468	chrIV,17066141,17066161	0	0.27351616038897	0	0	0	21UR
3469	chrIV,17073790,17073810	0	0.0214706972465119	0	0.168278875334616	0	21UR
3470	chrIV,17074978,17074998	0	0	0	0.321401083684705	0	21UR
3483	chrIV,17151380,17151400	0	0	0	0.565227947895085	0	21UR
3484	chrIV,17151556,17151576	0	0	0	0.371144946425045	0	21UR
3485	chrIV,17154907,17154927	0.113059010244766	0	0	0.670912487053813	0	21UR
3486	chrIV,17158376,17158396	0.0587548273323665	0	0	0.395835591476711	0	21UR
3487	chrIV,17159968,17159988	0	0	0	0.245705251247459	0	21UR
3488	chrIV,17172196,17172216	0	0.265387376775298	0	0	0	21UR
3489	chrIV,17182106,17182126	0	0	0	0.168278875334616	0	21UR
3490	chrIV,17184417,17184437	0	0.416571510612551	0	0	0	21UR
3491	chrIV,17200093,17200113	0	0.265387376775298	0.0542852270387814	0	0	piRNA_type1
3492	chrIV,17201016,17201036	0.0587548273323665	0	0	0.194323719928095	0	21UR
3493	chrIV,17202031,17202051	0	0	0	0.074791528833565	0	piRNA_type1
3494	chrIV,17202421,17202441	0	0	0	0.49357398790235	0	21UR
3495	chrIV,17204030,17204050	0	0	0	0.0603430180117605	0	21UR
3496	chrIV,17206850,17206870	0	0	0	0.49357398790235	0	21UR
3497	chrIV,17211559,17211579	0	0	0	1.38849215190913	0	21UR
3498	chrIV,17237460,17237480	0	0.063855075424427	0	0	0	21UR
3499	chrIV,17245670,17245690	0.16580116207685	0.0214706972465119	0	0.395835591476711	0	21UR
3500	chrIV,17248151,17248171	0	0.100637770012422	0	0	0	21UR
3501	chrIV,17248625,17248645	0	0.0214706972465119	0	0.75601876830122	0	21UR
3504	chrIV,17261548,17261568	0.0587548273323665	0	0	0.296326800914182	0	21UR
3505	chrIV,17262514,17262534	0	0	0	0.074791528833565	0	21UR
3555	chrIV,2783442,2783462	0.515013512117795	0	0	0.141942440360852	0	21UR
3557	chrIV,2783578,2783598	0.487997374864887	0	0	0	0	piRNA_type1
3577	chrIV,3146885,3146905	0.98289039294883	3.31914292467655	0	4.83281794703537	0	21UR
3609	chrIV,410356,410376	0	0.252636271928537	0	0	0	piRNA_type1
3658	chrIV,4786213,4786233	0	0	0	0.211236081092168	0	21UR
3665	chrIV,4830214,4830234	0	0	0	0.4692801390604	0	21UR
3666	chrIV,4839780,4839800	0	0	0	0.565963818983575	0	21UR
3667	chrIV,4865662,4865682	0	0	0	0.0603430180117605	0	21UR
3668	chrIV,4868097,4868117	0	0	0	0.211236081092168	0	21UR
3669	chrIV,4886436,4886456	0	0.772058359413905	0	0.0315943402831743	0	21UR
3670	chrIV,4896412,4896432	0	0	0	0.321401083684705	0	piRNA_type1
3671	chrIV,4934974,4934994	0	0	0	0.498991921888761	0	21UR
3672	chrIV,4941653,4941673	0.0587548273323665	0	0	0.0603430180117605	0	21UR
3673	chrIV,4951500,4951520	0.113059010244766	0	0	0.51778294283772	0	21UR
3674	chrIV,4985485,4985505	0	0	0	0.556629835456068	0	21UR
3676	chrIV,5038546,5038566	0.0587548273323665	0	0	0.141942440360852	0	21UR
3677	chrIV,5052780,5052800	0	0	0	0.438648903877	0	21UR
3678	chrIV,5079443,5079463	0.0587548273323665	0.185548596553252	0	0.194323719928095	0	21UR
3687	chrIV,5097765,5097785	0	0.127012236414224	0	0	0	21UR
3688	chrIV,5097964,5097984	0	0	0	0.271100303363184	0	21UR
3689	chrIV,5103112,5103132	0.0587548273323665	0.66541041968392	0	0.589943513895635	0	21UR
3690	chrIV,5105590,5105610	0	0	0	0.271100303363184	0	21UR
3691	chrIV,5108815,5108835	0	0	0	0.47047224712793	0	21UR
3692	chrIV,5109905,5109925	0.0587548273323665	0	0	0.115251016167185	0	21UR
3693	chrIV,5118031,5118051	0.0587548273323665	0	0	0.168278875334616	0	piRNA_type1
3695	chrIV,5140762,5140782	0	0	0	0.406690687075241	0	21UR
3696	chrIV,5161675,5161695	0	0	0	0.220121518035111	0	21UR
3701	chrIV,5189523,5189543	0	0	0	0.194323719928095	0	21UR
3702	chrIV,5194049,5194069	0	0	0	0.271100303363184	0	21UR
3704	chrIV,5196048,5196068	0	0.0214706972465119	0	0.61385397536261	0	21UR
3705	chrIV,5198571,5198591	0	0	0	0.309875804222363	0	piRNA_type1
3710	chrIV,5212725,5212745	0	0.834143410548025	0	0	0	21UR
3711	chrIV,5213330,5213350	0	0	0	0.141942440360852	0	21UR
3714	chrIV,5274385,5274405	0.720908803389157	1.02018758468309	0.674233612612891	0.0315943402831743	0	21UR
3715	chrIV,5278458,5278478	0	0	0	0.395835591476711	0	21UR
3716	chrIV,5283936,5283956	0	0	0	0.73246708227046	0	21UR
3720	chrIV,5364419,5364439	0.0587548273323665	0	1.24651621391793	0.565347904453174	0	21UR
3724	chrIV,5376270,5376290	0.56549296618304	0	0	0.0603430180117605	0	21UR
3733	chrIV,5407116,5407136	0	0.185548596553252	0	0.168278875334616	0	21UR
3734	chrIV,5419651,5419671	0	0	0	0.115251016167185	0	21UR
3735	chrIV,5420409,5420429	0.113059010244766	0	0	0.589943513895635	0	21UR
3736	chrIV,5422742,5422762	0	0	0	0.321401083684705	0	21UR
3737	chrIV,5430087,5430107	0	0.0214706972465119	0	0.296326800914182	0	21UR
3738	chrIV,5437311,5437331	0	0	0	0.27723283258608	0	21UR
3739	chrIV,5438134,5438154	0.0587548273323665	0	0	0.685199459789585	0	21UR
3740	chrIV,5442734,5442754	0	0.143940694159049	0	0	0	21UR
3741	chrIV,5448838,5448858	0.0587548273323665	0	0	0.168278875334616	0	21UR
3742	chrIV,5450236,5450256	0	0	0	0.265908962951343	0	21UR
3746	chrIV,5477238,5477258	0.142333487512106	0	1.41900595394518	0	0	piRNA_type1
3751	chrIV,5492830,5492850	0	0	0	0.409991839043394	0	21UR
3752	chrIV,5497568,5497588	0	0	0	0.296326800914182	0	21UR
3753	chrIV,5499090,5499110	0.0587548273323665	0	0	0.271100303363184	0	21UR
3754	chrIV,5507693,5507713	0	0	0	0.141942440360852	0	21UR
3755	chrIV,5509224,5509244	0.0587548273323665	0	0	0.61385397536261	0	21UR
3756	chrIV,5513664,5513684	0	0	0	0.420416967359265	0	21UR
3757	chrIV,5514405,5514425	0	0	0	0.53375356417	0	21UR
3758	chrIV,5523137,5523157	0	0.185548596553252	0	0	0	21UR
3759	chrIV,5524848,5524868	0	0.342100999243443	0	0.720922360949116	0	21UR
3760	chrIV,5527620,5527640	0	0	0	0.088107294347716	0.102779427953268	21UR
3763	chrIV,5559098,5559118	0	0	0	0.47047224712793	0	21UR
3764	chrIV,5562140,5562160	0	0	0	0.0603430180117605	0	21UR
3765	chrIV,5568854,5568874	0	0.063855075424427	0	0	0	21UR
3766	chrIV,5573644,5573664	0	0	0	0.0315943402831743	0	21UR
3767	chrIV,5581974,5581994	0	0	0	0.296326800914182	0	21UR
3768	chrIV,5587414,5587434	0	0	0	0.27723283258608	0	21UR
3769	chrIV,5600105,5600125	0	0	0.560444268448082	0	0	21UR
3770	chrIV,5603171,5603191	0.377895783076456	0	0	0	0	21UR
3771	chrIV,5603707,5603727	0	0	0	0.168278875334616	0	21UR
3772	chrIV,5603867,5603887	0	0	0	0.141942440360852	0	21UR
3773	chrIV,5604960,5604980	0	0	0	0.245705251247459	0	piRNA_type1
3774	chrIV,5605689,5605709	0	0.063855075424427	0	0	0	21UR
3775	chrIV,5607749,5607769	0	0	0	0.109716507835651	0	21UR
3776	chrIV,5608807,5608827	0	0	0	0.115251016167185	0	21UR
3777	chrIV,5614010,5614030	0.0587548273323665	0	0	0.490332047623935	0	21UR
3778	chrIV,5614621,5614641	0	0	0	0.374585686139632	0	21UR
3779	chrIV,5614977,5614997	0	0	0	0.346336674809485	0	21UR
3780	chrIV,5622982,5623002	0	0	0	0.0315943402831743	0	21UR
3781	chrIV,5627791,5627811	0.0587548273323665	0	0	0.919513440492795	0	piRNA_type1
3782	chrIV,5629163,5629183	0	0.063855075424427	0	0	0	21UR
3783	chrIV,5647226,5647246	0	0	0	0.115251016167185	0	21UR
3784	chrIV,5648615,5648635	0.0587548273323665	0	0	0.346336674809485	0	21UR
3788	chrIV,5675546,5675566	0	0	0	0.0603430180117605	0	21UR
3789	chrIV,5679194,5679214	0	0	0	0.423506919851086	0	21UR
3790	chrIV,5680433,5680453	0	0	0	0.309875804222363	0	21UR
3792	chrIV,5710182,5710202	0	0.225939881289921	0	0	0	21UR
3793	chrIV,5712813,5712833	0	0	0	0.49357398790235	0	21UR
3794	chrIV,5723408,5723428	0	0	0	0.0315943402831743	0	21UR
3797	chrIV,5732525,5732545	0	0.304066928546372	0	0	0	21UR
3798	chrIV,5735630,5735650	0	0.100637770012422	0	0	0	21UR
3799	chrIV,5736279,5736299	0	0	0	0.4692801390604	0	21UR
3800	chrIV,5761057,5761077	0	0	0	0.27723283258608	0	21UR
3801	chrIV,5766810,5766830	0.113059010244766	0	0	0.75601876830122	0	21UR
3802	chrIV,5779931,5779951	0	0	0	0.115251016167185	0	piRNA_type1
3803	chrIV,5794527,5794547	0	0	0	0.0315943402831743	0	piRNA_type1
3804	chrIV,5799922,5799942	0.0587548273323665	0	0	0.296326800914182	0.102779427953268	21UR
3805	chrIV,5805949,5805969	0.0587548273323665	0	0	0.70886133359232	0	21UR
3806	chrIV,5810378,5810398	0	0	0	0.220121518035111	0	21UR
3808	chrIV,5825470,5825490	0	0	0	0.371144946425045	0	21UR
3809	chrIV,5829531,5829551	0	0	0	0.87519203752177	0	21UR
3810	chrIV,5838557,5838577	0	0	0	0.296326800914182	0	21UR
3811	chrIV,5839843,5839863	0	0	0	0.207125767952964	0	21UR
3812	chrIV,5842537,5842557	0	0.398556868961892	0	0	0	21UR
3813	chrIV,5843310,5843330	0	0	0	0.27723283258608	0	21UR
3814	chrIV,5847197,5847217	0	0.342100999243443	0	0	0	21UR
3816	chrIV,5861273,5861293	0	0	0	1.17876052862105	0	21UR
3817	chrIV,5862655,5862675	0.0587548273323665	0	0	0.220121518035111	0	21UR
3818	chrIV,5863567,5863587	0	0	0	0.109716507835651	0	21UR
3819	chrIV,5865481,5865501	0	0	0	0.53375356417	0	21UR
3820	chrIV,5865880,5865900	0.113059010244766	0.0427067270146706	0	0.87302924445876	0	21UR
3821	chrIV,5891296,5891316	0	0.52328038225977	0	0	0	21UR
3823	chrIV,5903379,5903399	0.0587548273323665	0	0	0.088107294347716	0	21UR
3824	chrIV,5906692,5906712	0	0.595815988341685	0	0	0	21UR
3825	chrIV,5911909,5911929	0	0.063855075424427	0	0	0	21UR
3826	chrIV,5915065,5915085	0	0	0	0.0315943402831743	0	21UR
3827	chrIV,5927883,5927903	0.0587548273323665	0.0214706972465119	0	0.84972144840604	0	21UR
3828	chrIV,5932023,5932043	0	0	0	0.321401083684705	0	21UR
3835	chrIV,5959527,5959547	0	0	0	0.779518312169535	0	21UR
3836	chrIV,5966293,5966313	0	0	0	0.589943513895635	0	21UR
3837	chrIV,5967089,5967109	0	0	0	0.589943513895635	0	21UR
3838	chrIV,5973733,5973753	0	0	0	0.0388468926183482	0	21UR
3839	chrIV,5981472,5981492	0	0	0	0.374585686139632	0	21UR
3840	chrIV,5986381,5986401	0.0587548273323665	0	0	0.0603430180117605	0	21UR
3842	chrIV,6013044,6013064	0	0	0	0.245705251247459	0	21UR
3843	chrIV,6021566,6021586	0	0	0	0.141942440360852	0	21UR
3844	chrIV,6025773,6025793	0	0	0	0.395835591476711	0	21UR
3845	chrIV,6031397,6031417	0.0587548273323665	0	0	0.194323719928095	0	21UR
3846	chrIV,6044471,6044491	0	0	0	0.69016602272345	0	21UR
3847	chrIV,6049078,6049098	0	0	0	0.0315943402831743	0	21UR
3848	chrIV,6051770,6051790	0.0587548273323665	0.210833899616757	0	0	0	21UR
3849	chrIV,6065660,6065680	0	0	0	0.61385397536261	0	21UR
3850	chrIV,6070246,6070266	0	0.0214706972465119	0	0.088107294347716	0	21UR
3851	chrIV,6073826,6073846	0	0	0	0.220121518035111	0	21UR
3852	chrIV,6076317,6076337	0.0587548273323665	0.0214706972465119	0	1.04258711060313	0	21UR
3853	chrIV,6084860,6084880	0	0.0214706972465119	0	0.296326800914182	0	21UR
3856	chrIV,6125695,6125715	0	0.0214706972465119	0	0.296326800914182	0	21UR
3857	chrIV,6125885,6125905	0.0587548273323665	0	0	0.84972144840604	0	21UR
3858	chrIV,6128382,6128402	0	0	0	0.0388468926183482	0	21UR
3859	chrIV,6131197,6131217	0	0.0545838715097285	0	0	0	21UR
3860	chrIV,6133306,6133326	0	0	0	0.14399537281445	0	21UR
3861	chrIV,6143869,6143889	0	0.225939881289921	0	0	0	21UR
3863	chrIV,6161201,6161221	0	0.0545838715097285	0	0	0	piRNA_type1
3864	chrIV,6167453,6167473	0	0.143940694159049	0	0	0	21UR
3865	chrIV,6168491,6168511	0.113059010244766	0	0	0.94269238652182	0	21UR
3866	chrIV,6180344,6180364	0.0587548273323665	0	0	1.0580006325964	0	21UR
3867	chrIV,6183393,6183413	0	0	0	0.168278875334616	0	21UR
3868	chrIV,6186929,6186949	0	0	0	0.14399537281445	0	21UR
3869	chrIV,6191472,6191492	0	0	0	0.0315943402831743	0	21UR
3870	chrIV,6201021,6201041	0	0	0	0.5966007467834	0	21UR
3871	chrIV,6201605,6201625	0	0	0	0.220121518035111	0	21UR
3872	chrIV,6203345,6203365	0.0587548273323665	0.0214706972465119	0	0.670912487053813	0	21UR
3874	chrIV,6261538,6261558	0	0	0	0.168278875334616	0	21UR
3875	chrIV,6262648,6262668	0.0587548273323665	0	0	0.420416967359265	0	21UR
3876	chrIV,6281085,6281105	0	0	0	0.565227947895085	0	21UR
3884	chrIV,6398407,6398427	0.0587548273323665	0.185548596553252	0	0.93637289432013	0	21UR
3885	chrIV,6404163,6404183	0	0	0	0.168278875334616	0	21UR
3886	chrIV,6405078,6405098	0	0.489301932043282	0	0	0	21UR
3887	chrIV,6412110,6412130	0	0	0	0.115251016167185	0	21UR
3893	chrIV,6431671,6431691	0.433385417244178	0	0	0	0	piRNA_type1
3894	chrIV,6433919,6433939	0	0	0	0.51778294283772	0	21UR
3895	chrIV,6435554,6435574	0	0	0	0.0315943402831743	0	21UR
3896	chrIV,6445076,6445096	0	0	0	0.61385397536261	0	21UR
3897	chrIV,6450574,6450594	0	0	0	0.656212479031848	0	21UR
3898	chrIV,6452703,6452723	0	0	0	0.661479240232525	0	21UR
3900	chrIV,6482725,6482745	0	0	0	0.211236081092168	0	21UR
3901	chrIV,6486649,6486669	0.0587548273323665	0	0	0.296326800914182	0	21UR
3902	chrIV,6499007,6499027	0	0	0	0.0603430180117605	0	21UR
3903	chrIV,6500178,6500198	0	0.0214706972465119	0	0.296326800914182	0	21UR
3908	chrIV,6530722,6530742	0.16580116207685	0.294383342402343	0	1.2199252191079	0	21UR
3909	chrIV,6543609,6543629	0	0	0	0.109716507835651	0	21UR
3915	chrIV,6578253,6578273	0	0.27351616038897	0	0	0	piRNA_type1
3918	chrIV,6642312,6642332	0	0.0545838715097285	0	1.46639736125935	0	21UR
3919	chrIV,6657938,6657958	0	0	0	0.271100303363184	0	21UR
3923	chrIV,6750776,6750796	0	0	0	0.220121518035111	0	21UR
3926	chrIV,6772461,6772481	0	0	0	0.141942440360852	0	piRNA_type1
3934	chrIV,6800910,6800930	0	0	0	0.966824503994925	0	piRNA_type1
3935	chrIV,6836805,6836825	0	0	0	0.141942440360852	0	21UR
3937	chrIV,6849099,6849119	0	0	0	1.02763033009708	0	21UR
3938	chrIV,6862903,6862923	0.0587548273323665	0	0	0.61385397536261	0	21UR
3952	chrIV,6983808,6983828	0	0	0	0.374585686139632	0	21UR
3953	chrIV,6998252,6998272	0.0587548273323665	0	0	0.766799048042112	0	21UR
3969	chrIV,7108097,7108117	0.0587548273323665	0.0214706972465119	0	0.194323719928095	0	21UR
3981	chrIV,7281763,7281783	0.0587548273323665	0	0	0.296326800914182	0	21UR
3987	chrIV,7416453,7416473	0.16580116207685	0	0	0.141942440360852	0	21UR
4000	chrIV,7520898,7520918	0	0.27351616038897	0	0	0	piRNA_type1
4081	chrIV,8428716,8428736	16.1024435161592	195.21049812037	4.73154868610148	285.081395512525	0.387657249317928	21UR
4140	chrIV,9131059,9131079	0	0	0	0.0315943402831743	0	21UR
4141	chrIV,9140165,9140185	0	0	0	0.168278875334616	0	21UR
4172	chrIV,9519090,9519110	0	0	0	0.661479240232525	0	21UR
4202	chrM,1851,1871	0.75131796392557	0.823312038932472	0.0542852270387814	0.346336674809485	0	21UR
4203	chrM,5725,5745	0.460792689835463	0.868879757229395	0	0	0	21UR
4204	chrM,8100,8120	3.9450239473081	1.13077915184763	0	0.99902285805797	0	21UR
4206	chrM,914,934	0.292635227610613	0.63074092640617	2.40112189122872	0.494797981422958	0	21UR
4265	chrV,10960696,10960716	0.0587548273323665	0	0	0.395835591476711	0	21UR
4296	chrV,11412548,11412568	0	0	0	0.245705251247459	0	21UR
4453	chrV,14393808,14393828	0.0587548273323665	6.83806829778648	1.30397864302294	5.09009313987283	0	21UR
4944	chrX,13262683,13262703	0.217553865407833	0	0	0	0	21UR
4963	chrX,14788438,14788458	0	0.379579587558133	0	0.141942440360852	0	21UR
4993	chrX,16480800,16480820	0.0587548273323665	0	0	0.0603430180117605	0	21UR
5093	chrX,974741,974761	0.561218281377109	0.416571510612551	0.788287162661866	0.342319751406401	0	21UR
